Starting SDDP loop (forward and backward passes)
 Iter | Lower Bound (LB)  | Real Cost (Sim)    | UB Mean +- 95% CI
    1 |               0.0 |            59280.0 |                      -
    2 |          75406.29 |           185530.0 |    122405.0 ± 123725.0
    3 |          88741.71 |            86650.0 |     110487.0 ± 75155.0
    4 |          13965.21 |           182230.0 |     128422.0 ± 63718.0
    5 |          88741.71 |           429735.0 |    188685.0 ± 128012.0
    6 |          88741.71 |            48679.0 |    165351.0 ± 114089.0
    7 |           24926.2 |           13777.45 |    143697.0 ± 105350.0
    8 |          70630.23 |            31498.0 |     129672.0 ± 95287.0
    9 |         104862.94 |           119779.0 |     128573.0 ± 84063.0
   10 |          70630.23 |            59099.0 |     121626.0 ± 76411.0
   11 |          70662.15 |            26150.0 |     112946.0 ± 71179.0
   12 |         104892.03 |           324485.0 |     130574.0 ± 73593.0
   13 |          81063.78 |          111503.75 |     129107.0 ± 67756.0
   14 |         113521.75 |           122463.7 |     128633.0 ± 62737.0
   15 |         124298.93 |          113248.45 |     127607.0 ± 58440.0
   16 |         128074.93 |            61144.0 |     123453.0 ± 55268.0
   17 |         128235.54 |          110274.14 |     122678.0 ± 51938.0
   18 |         129102.34 |           188818.0 |     126352.0 ± 49494.0
   19 |         131818.31 |           189755.0 |     129689.0 ± 47271.0
   20 |          94651.18 |            35660.5 |     124988.0 ± 45783.0
   21 |         131818.31 |            64062.0 |     122087.0 ± 43918.0
   22 |          98440.85 |          493333.33 |     138962.0 ± 53361.0
   23 |         112362.39 |           23808.07 |     133955.0 ± 51924.0
   24 |         112431.53 |           86768.53 |     131989.0 ± 49862.0
   25 |         133429.28 |          147435.05 |     132607.0 ± 47841.0
   26 |         112806.79 |          493333.33 |     146481.0 ± 53406.0
   27 |         113404.47 |            32961.0 |     142276.0 ± 52047.0
   28 |         134391.81 |           198745.5 |     144293.0 ± 50309.0
   29 |         134734.72 |          120626.61 |     143477.0 ± 48569.0
   30 |         113829.54 |           167340.9 |     144272.0 ± 46948.0
   31 |         134734.72 |           77867.96 |     142130.0 ± 45602.0
   32 |         113829.54 |            27000.0 |     138533.0 ± 44714.0
   33 |         114096.03 |            99545.0 |     137351.0 ± 43400.0
   34 |         114181.46 |            84168.0 |     135787.0 ± 42215.0
   35 |         134820.15 |           141481.9 |     135950.0 ± 40993.0
   36 |         135001.84 |          149305.89 |     136321.0 ± 39844.0
   37 |         135014.99 |           74013.61 |     134637.0 ± 38893.0
   38 |         135014.99 |            61144.0 |     132703.0 ± 38045.0
   39 |         114218.34 |            39468.0 |     130312.0 ± 37351.0
   40 |         114359.52 |           132711.0 |     130372.0 ± 36406.0
   41 |         114415.54 |          108672.43 |     129843.0 ± 35522.0
   42 |         114707.47 |          493333.33 |     138497.0 ± 38594.0
   43 |         135085.09 |           39076.93 |     136185.0 ± 37957.0
   44 |         135085.09 |            33636.0 |     133855.0 ± 37364.0
   45 |         135161.96 |           179483.0 |     134868.0 ± 36579.0
   46 |         114777.21 |           132475.0 |     134816.0 ± 35775.0
   47 |         114781.19 |          130576.01 |     134726.0 ± 35006.0
   48 |         114819.84 |              215.0 |     131924.0 ± 34706.0
   49 |         114819.84 |            22909.0 |     129699.0 ± 34269.0
   50 |         114819.84 |            83374.0 |     128773.0 ± 33626.0
   51 |         114856.72 |           227330.0 |     130705.0 ± 33177.0
   52 |         135246.62 |          134537.07 |     130779.0 ± 32533.0
   53 |         114870.71 |            75769.4 |     129741.0 ± 31978.0
   54 |         114904.38 |           132860.0 |     129799.0 ± 31380.0
   55 |         135301.18 |            23763.4 |     127871.0 ± 31035.0
   56 |         135301.18 |          261616.25 |     130259.0 ± 30834.0
   57 |         135301.18 |            72169.4 |     129240.0 ± 30354.0
   58 |         135301.66 |            70479.0 |     128227.0 ± 29892.0
   59 |         114948.32 |           32717.07 |     126608.0 ± 29551.0
   60 |         135301.66 |            23774.0 |     124894.0 ± 29248.0
   61 |         114964.37 |             4650.0 |     122923.0 ± 29023.0
   62 |         135301.66 |           104456.0 |     122625.0 ± 28557.0
   63 |         114965.53 |           213455.0 |     124067.0 ± 28242.0
   64 |         114975.15 |           103214.0 |     123741.0 ± 27805.0
   65 |         114975.54 |            31555.0 |     122323.0 ± 27514.0
   66 |         135301.66 |           104456.0 |     122052.0 ± 27099.0
   67 |         135301.66 |            27283.0 |     120638.0 ± 26835.0
   68 |         114975.54 |            98749.0 |     120316.0 ± 26445.0
   69 |         114975.54 |            71700.0 |     119611.0 ± 26096.0
   70 |         135301.66 |            39366.0 |     118465.0 ± 25818.0
   71 |         114975.54 |           207385.0 |     119717.0 ± 25570.0
   72 |         114975.54 |           29277.39 |     118461.0 ± 25332.0
   73 |         114975.54 |           265125.0 |     120470.0 ± 25291.0
   74 |         114975.54 |           103214.0 |     120237.0 ± 24951.0
   75 |         135301.66 |            43975.5 |     119220.0 ± 24697.0
   76 |         114975.54 |            76912.0 |     118663.0 ± 24394.0
   77 |         114975.54 |          173233.33 |     119372.0 ± 24115.0
   78 |         135301.66 |           208844.0 |     120519.0 ± 23910.0
   79 |         135301.66 |           104456.0 |     120316.0 ± 23609.0
   80 |         114975.54 |            81377.0 |     119829.0 ± 23332.0
   81 |         114975.54 |           207385.0 |     120910.0 ± 23139.0
   82 |         135301.66 |           131890.0 |     121044.0 ± 22856.0
   83 |         135301.66 |           165616.0 |     121581.0 ± 22604.0
   84 |         114975.54 |              215.0 |     120136.0 ± 22512.0
   85 |         114975.54 |           132475.0 |     120281.0 ± 22247.0
   86 |         114975.54 |           265155.0 |     121966.0 ± 22234.0
   87 |         114975.54 |            75750.0 |     121435.0 ± 22001.0
   88 |         114975.54 |           136910.0 |     121611.0 ± 21753.0
   89 |         135301.66 |           429735.0 |     125073.0 ± 22552.0
   90 |         135301.66 |            64062.0 |     124395.0 ± 22339.0
   91 |         114975.54 |           339585.0 |     126759.0 ± 22574.0
   92 |         114981.69 |             4650.0 |     125432.0 ± 22478.0
   93 |         114981.69 |           138995.0 |     125578.0 ± 22237.0
   94 |         135301.66 |           191350.0 |     126278.0 ± 22042.0
   95 |         114981.69 |            76756.0 |     125756.0 ± 21832.0
   96 |         135301.66 |            39366.0 |     124857.0 ± 21676.0
   97 |         114981.69 |            76756.0 |     124361.0 ± 21473.0
   98 |         114981.69 |             4650.0 |     123139.0 ± 21387.0
   99 |         114981.69 |            13068.0 |     122027.0 ± 21282.0
  100 |         114981.69 |           207385.0 |     122881.0 ± 21134.0
  101 |         135301.66 |            27985.0 |     121941.0 ± 21005.0
  102 |         135301.66 |           131890.0 |     122039.0 ± 20799.0
  103 |         135301.66 |           145226.0 |     122264.0 ± 20601.0
  104 |         114981.69 |           136940.0 |     122405.0 ± 20403.0
  105 |         135301.66 |            98383.0 |     122176.0 ± 20213.0
  106 |         135301.66 |           115075.5 |     122109.0 ± 20022.0
  107 |         114981.69 |           211820.0 |     122948.0 ± 19902.0
  108 |         114981.69 |            76756.0 |     122520.0 ± 19735.0
  109 |         135301.66 |           303605.0 |     124181.0 ± 19822.0
  110 |         114981.69 |            76756.0 |     123750.0 ± 19659.0
  111 |         114981.69 |            75750.0 |     123318.0 ± 19500.0
  112 |         114981.69 |           207385.0 |     124068.0 ± 19381.0
  113 |         114981.69 |            81347.0 |     123690.0 ± 19223.0
  114 |         114981.69 |            33545.5 |     122900.0 ± 19116.0
  115 |         114981.69 |           145328.0 |     123095.0 ± 18953.0
  116 |         114981.69 |          173233.33 |     123527.0 ± 18808.0
  117 |         114981.69 |            31585.0 |     122741.0 ± 18710.0
  118 |         114981.69 |            31080.0 |     121964.0 ± 18613.0
  119 |         114981.69 |           145328.0 |     122161.0 ± 18460.0
  120 |         135301.66 |           152919.0 |     122417.0 ± 18313.0
  121 |         135301.66 |           115075.5 |     122356.0 ± 18161.0
  122 |         135301.66 |            61144.0 |     121854.0 ± 18038.0
  123 |         135301.66 |           287698.0 |     123203.0 ± 18085.0
  124 |         135301.66 |             2086.0 |     122226.0 ± 18041.0
  125 |         114981.69 |            75750.0 |     121854.0 ± 17911.0
  126 |         114981.69 |            98749.0 |     121671.0 ± 17772.0
  127 |         135301.66 |            43975.5 |     121059.0 ± 17672.0
  128 |         114981.69 |            96416.0 |     120867.0 ± 17537.0
  129 |         135301.66 |            99614.0 |     120702.0 ± 17404.0
  130 |         135301.66 |           115075.5 |     120658.0 ± 17270.0
  131 |         135301.66 |           185530.0 |     121154.0 ± 17165.0
  132 |         135301.66 |           324485.0 |     122694.0 ± 17300.0
  133 |         114981.69 |            76912.0 |     122350.0 ± 17182.0
  134 |         135301.66 |           317480.0 |     123806.0 ± 17291.0
  135 |         135301.66 |            64062.0 |     123364.0 ± 17184.0
  136 |         114981.69 |           103214.0 |     123215.0 ± 17060.0
  137 |         114981.69 |           265125.0 |     124251.0 ± 17056.0
  138 |         114981.69 |            22909.0 |     123517.0 ± 16993.0
  139 |         135301.66 |           215849.0 |     124181.0 ± 16921.0
  140 |         135301.66 |             1080.0 |     123302.0 ± 16888.0
  141 |         114981.69 |           132475.0 |     123367.0 ± 16768.0
  142 |         135301.66 |            72180.0 |     123006.0 ± 16664.0
  143 |         114981.69 |           108595.5 |     122906.0 ± 16549.0
  144 |         114981.69 |             5686.0 |     122092.0 ± 16510.0
  145 |         135301.66 |            89663.0 |     121868.0 ± 16402.0
  146 |         114981.69 |           265125.0 |     122849.0 ± 16402.0
  147 |         135301.66 |            99614.0 |     122691.0 ± 16293.0
  148 |         114981.69 |          244333.33 |     123513.0 ± 16263.0
  149 |         135301.66 |            43975.5 |     122979.0 ± 16187.0
  150 |         135301.66 |           321099.0 |     124300.0 ± 16286.0
  151 |         114981.69 |            27374.0 |     123658.0 ± 16227.0
  152 |         135301.66 |            39366.0 |     123104.0 ± 16156.0
  153 |         135301.66 |            23774.0 |     122454.0 ± 16101.0
  154 |         135301.66 |           315885.0 |     123710.0 ± 16184.0
  155 |         135301.66 |             2086.0 |     122926.0 ± 16153.0
  156 |         135301.66 |            25631.0 |     122302.0 ± 16095.0
  157 |         135301.66 |            80233.0 |     122034.0 ± 16001.0
  158 |         135301.66 |            77315.0 |     121751.0 ± 15909.0
  159 |         135301.66 |           133340.0 |     121824.0 ± 15809.0
  160 |         135301.66 |            77315.0 |     121546.0 ± 15720.0
  161 |         135301.66 |            70479.0 |     121229.0 ± 15634.0
  162 |         114981.69 |           145328.0 |     121377.0 ± 15540.0
  163 |         135301.66 |            56050.0 |     120977.0 ± 15464.0
  164 |         114981.69 |           230949.0 |     121647.0 ± 15426.0
  165 |         114981.69 |           230949.0 |     122310.0 ± 15387.0
  166 |         114981.69 |           103184.0 |     122194.0 ± 15296.0
  167 |         135301.66 |           111500.0 |     122130.0 ± 15204.0
  168 |         135301.66 |           127799.0 |     122164.0 ± 15114.0
  169 |         114981.69 |          493333.33 |     124360.0 ± 15629.0
  170 |         135301.66 |           321099.0 |     125518.0 ± 15701.0
  171 |         114981.69 |           211820.0 |     126022.0 ± 15640.0
  172 |         114981.69 |           211820.0 |     126521.0 ± 15580.0
  173 |         114981.69 |            31080.0 |     125969.0 ± 15527.0
  174 |         114981.69 |            99545.0 |     125818.0 ± 15441.0
  175 |         135301.66 |            43444.5 |     125347.0 ± 15380.0
  176 |         135301.66 |           287698.0 |     126269.0 ± 15399.0
  177 |         114981.69 |             4680.0 |     125582.0 ± 15371.0
  178 |         135301.66 |            35660.0 |     125077.0 ± 15316.0
  179 |         135301.66 |           114544.5 |     125018.0 ± 15231.0
  180 |         135301.66 |            84066.0 |     124791.0 ± 15152.0
  181 |         114981.69 |            31555.0 |     124276.0 ± 15102.0
  182 |         135301.66 |           104456.0 |     124167.0 ± 15020.0
  183 |         114981.69 |            31555.0 |     123661.0 ± 14971.0
  184 |         114981.69 |           103214.0 |     123550.0 ± 14891.0
  185 |         135301.66 |            77315.0 |     123300.0 ± 14818.0
  186 |         135301.66 |           169359.0 |     123547.0 ± 14747.0
  187 |         114981.69 |           131369.0 |     123589.0 ± 14668.0
  188 |         135301.66 |           188818.0 |     123936.0 ± 14605.0
  189 |         135301.66 |           182401.0 |     124245.0 ± 14540.0
  190 |         114981.69 |           230949.0 |     124807.0 ± 14506.0
  191 |         114981.69 |            76786.0 |     124556.0 ± 14438.0
  192 |         114981.69 |            27374.0 |     124049.0 ± 14397.0
  193 |         114981.69 |            39468.0 |     123611.0 ± 14348.0
  194 |         135301.66 |           198745.5 |     123998.0 ± 14294.0
  195 |         135301.66 |           317480.0 |     124991.0 ± 14353.0
  196 |         135301.66 |           145226.0 |     125094.0 ± 14281.0
  197 |         114981.69 |            71700.0 |     124823.0 ± 14218.0
  198 |         135301.66 |           287698.0 |     125646.0 ± 14237.0
  199 |         114981.69 |            75750.0 |     125395.0 ± 14174.0
  200 |         114981.69 |            13068.0 |     124833.0 ± 14146.0
  201 |         114981.69 |           136940.0 |     124893.0 ± 14076.0
  202 |         114981.69 |              215.0 |     124276.0 ± 14058.0
  203 |         114981.69 |            84168.0 |     124079.0 ± 13994.0
  204 |         114981.69 |            27374.0 |     123605.0 ± 13956.0
  205 |         114981.69 |             5656.0 |     123029.0 ± 13934.0
  206 |         114981.69 |            39468.0 |     122624.0 ± 13889.0
  207 |         114981.69 |           211850.0 |     123055.0 ± 13847.0
  208 |         114981.69 |              215.0 |     122464.0 ± 13829.0
  209 |         114981.69 |            13068.0 |     121941.0 ± 13801.0
  210 |         135301.66 |           198355.0 |     122304.0 ± 13754.0
  211 |         114981.69 |           131369.0 |     122347.0 ± 13689.0
  212 |         135301.66 |            77777.0 |     122137.0 ± 13630.0
  213 |         135301.66 |           324485.0 |     123087.0 ± 13693.0
  214 |         135301.66 |           215849.0 |     123521.0 ± 13655.0
  215 |         135301.66 |            56050.0 |     123207.0 ± 13606.0
  216 |         135301.66 |             1080.0 |     122641.0 ± 13588.0
  217 |         114981.69 |            83374.0 |     122460.0 ± 13530.0
  218 |         135301.66 |            35660.0 |     122062.0 ± 13490.0
  219 |         114981.69 |            31585.0 |     121649.0 ± 13453.0
  220 |         135301.66 |           324485.0 |     122571.0 ± 13513.0
  221 |         114981.69 |             4650.0 |     122038.0 ± 13492.0
  222 |         135301.66 |            89663.0 |     121892.0 ± 13434.0
  223 |         135301.66 |           131890.0 |     121937.0 ± 13374.0
  224 |         114981.69 |           227330.0 |     122407.0 ± 13346.0
  225 |         114981.69 |            33545.5 |     122012.0 ± 13309.0
  226 |         114981.69 |            81377.0 |     121832.0 ± 13255.0
  227 |         135301.66 |           321099.0 |     122710.0 ± 13308.0
  228 |         135301.66 |            35660.0 |     122328.0 ± 13271.0
  229 |         114981.69 |           136910.0 |     122392.0 ± 13213.0
  230 |         135301.66 |           208844.0 |     122768.0 ± 13176.0
  231 |         114981.69 |            29201.0 |     122363.0 ± 13143.0
  232 |         135301.66 |           198355.0 |     122690.0 ± 13102.0
  233 |         114981.69 |           156519.0 |     122836.0 ± 13049.0
  234 |         135301.66 |            77777.0 |     122643.0 ± 12998.0
  235 |         114981.69 |          173233.33 |     122858.0 ± 12950.0
  236 |         135301.66 |           208844.0 |     123223.0 ± 12915.0
  237 |         135301.66 |            73186.0 |     123012.0 ± 12867.0
  238 |         114981.69 |           132860.0 |     123053.0 ± 12813.0
  239 |         135301.66 |           165616.0 |     123231.0 ± 12764.0
  240 |         135301.66 |           207249.0 |     123581.0 ± 12729.0
  241 |         135301.66 |           240526.0 |     124066.0 ± 12712.0
  242 |         135301.66 |            98383.0 |     123960.0 ± 12661.0
  243 |         114981.69 |            31080.0 |     123578.0 ± 12631.0
  244 |         135301.66 |            56050.0 |     123301.0 ± 12591.0
  245 |         135301.66 |            98383.0 |     123200.0 ± 12541.0
  246 |         114981.69 |           139025.0 |     123264.0 ± 12490.0
  247 |         135301.66 |            43975.5 |     122943.0 ± 12456.0
  248 |         114981.69 |           136940.0 |     122999.0 ± 12406.0
  249 |         135301.66 |           115075.5 |     122967.0 ± 12356.0
  250 |         114981.69 |           136940.0 |     123023.0 ± 12307.0
  251 |         135301.66 |           208844.0 |     123365.0 ± 12276.0
  252 |         135301.66 |           207249.0 |     123698.0 ± 12245.0
  253 |         114981.69 |           339585.0 |     124551.0 ± 12310.0
  254 |         135301.66 |           317480.0 |     125311.0 ± 12352.0
  255 |         114981.69 |            76786.0 |     125121.0 ± 12309.0
  256 |         114981.69 |             5656.0 |     124654.0 ± 12295.0
  257 |         114981.69 |          493333.33 |     126089.0 ± 12566.0
  258 |         135301.66 |           198745.5 |     126370.0 ± 12529.0
  259 |         114981.69 |           265155.0 |     126906.0 ± 12525.0
  260 |         114981.69 |            27374.0 |     126523.0 ± 12499.0
  261 |         135301.66 |            33356.0 |     126166.0 ± 12470.0
  262 |         135301.66 |            73186.0 |     125964.0 ± 12429.0
  263 |         135301.66 |             1080.0 |     125489.0 ± 12417.0
  264 |         135301.66 |           127799.0 |     125498.0 ± 12370.0
  265 |         114981.69 |            27374.0 |     125128.0 ± 12344.0
  266 |         114981.69 |           103184.0 |     125045.0 ± 12299.0
  267 |         135301.66 |            77315.0 |     124866.0 ± 12258.0
  268 |         135301.66 |           110053.0 |     124811.0 ± 12212.0
  269 |         135301.66 |            86650.0 |     124669.0 ± 12170.0
  270 |         135301.66 |           321099.0 |     125397.0 ± 12208.0
  271 |         135301.66 |            70624.5 |     125195.0 ± 12170.0
  272 |         114981.69 |           139025.0 |     125246.0 ± 12125.0
  273 |         114981.69 |          493333.33 |     126594.0 ± 12366.0
  274 |         135301.66 |            33356.0 |     126254.0 ± 12339.0
  275 |         114981.69 |            31585.0 |     125909.0 ± 12313.0
  276 |         135301.66 |           317480.0 |     126603.0 ± 12343.0
  277 |         135301.66 |            56050.0 |     126349.0 ± 12309.0
  278 |         135301.66 |           131890.0 |     126369.0 ± 12264.0
  279 |         135301.66 |           135425.0 |     126401.0 ± 12221.0
  280 |         135301.66 |            43975.5 |     126107.0 ± 12191.0
  281 |         135301.66 |            84066.0 |     125957.0 ± 12151.0
  282 |         135301.66 |            35660.0 |     125637.0 ± 12124.0
  283 |         114981.69 |           213455.0 |     125947.0 ± 12096.0
  284 |         135301.66 |           114544.5 |     125907.0 ± 12054.0
  285 |         135301.66 |            27985.0 |     125564.0 ± 12030.0
  286 |         135301.66 |            64062.0 |     125348.0 ± 11995.0
  287 |         114981.69 |            31585.0 |     125022.0 ± 11971.0
  288 |         135301.66 |            61144.0 |     124800.0 ± 11937.0
  289 |         114981.69 |             5686.0 |     124388.0 ± 11923.0
  290 |         135301.66 |            27480.0 |     124054.0 ± 11900.0
  291 |         114981.69 |            31585.0 |     123736.0 ± 11875.0
  292 |         135301.66 |            35660.0 |     123434.0 ± 11849.0
  293 |         114981.69 |           145328.0 |     123509.0 ± 11810.0
  294 |         135301.66 |            89663.0 |     123394.0 ± 11772.0
  295 |         135301.66 |           429735.0 |     124432.0 ± 11907.0
  296 |         114981.69 |            31050.0 |     124117.0 ± 11883.0
  297 |         114981.69 |           201713.0 |     124378.0 ± 11854.0
  298 |         114981.69 |           136910.0 |     124420.0 ± 11814.0
  299 |         135301.66 |           315885.0 |     125060.0 ± 11841.0
  300 |         135301.66 |            70479.0 |     124879.0 ± 11807.0
  301 |         135301.66 |            86650.0 |     124752.0 ± 11770.0
  302 |         114981.69 |            99545.0 |     124668.0 ± 11733.0
  303 |         135301.66 |           240526.0 |     125050.0 ± 11718.0
  304 |         135301.66 |            27283.0 |     124729.0 ± 11696.0
  305 |         135301.66 |            27985.0 |     124412.0 ± 11674.0
  306 |         114981.69 |            27344.0 |     124094.0 ± 11653.0
  307 |         114981.69 |            35744.0 |     123807.0 ± 11628.0
  308 |         114981.69 |           211820.0 |     124092.0 ± 11604.0
  309 |         135301.66 |           208250.0 |     124365.0 ± 11579.0
  310 |         114981.69 |            31585.0 |     124065.0 ± 11556.0
  311 |         114981.69 |          493333.33 |     125253.0 ± 11752.0
  312 |         114981.69 |              215.0 |     124852.0 ± 11740.0
  313 |         135301.66 |           182401.0 |     125036.0 ± 11708.0
  314 |         135301.66 |           287698.0 |     125554.0 ± 11715.0
  315 |         135301.66 |           179483.0 |     125725.0 ± 11683.0
  316 |         135301.66 |           115075.5 |     125691.0 ± 11646.0
  317 |         114981.69 |           132860.0 |     125714.0 ± 11609.0
  318 |         114981.69 |           156519.0 |     125811.0 ± 11574.0
  319 |         114981.69 |              600.0 |     125418.0 ± 11563.0
  320 |         135301.66 |           131890.0 |     125439.0 ± 11527.0
  321 |         114981.69 |           339585.0 |     126106.0 ± 11565.0
  322 |         135301.66 |           104456.0 |     126039.0 ± 11530.0
  323 |         114981.69 |           131399.0 |     126055.0 ± 11494.0
  324 |         114981.69 |            29201.0 |     125756.0 ± 11474.0
  325 |         135301.66 |           169359.0 |     125890.0 ± 11442.0
  326 |         114981.69 |            27374.0 |     125588.0 ± 11422.0
  327 |         114981.69 |            98749.0 |     125506.0 ± 11388.0
  328 |         114981.69 |           265155.0 |     125932.0 ± 11384.0
  329 |         135301.66 |           315885.0 |     126509.0 ± 11405.0
  330 |         114981.69 |           108595.5 |     126455.0 ± 11371.0
  331 |         114981.69 |           131399.0 |     126470.0 ± 11337.0
  332 |         135301.66 |            99614.0 |     126389.0 ± 11304.0
  333 |         114981.69 |            99545.0 |     126308.0 ± 11271.0
  334 |         135301.66 |           185530.0 |     126486.0 ± 11243.0
  335 |         135301.66 |           315885.0 |     127051.0 ± 11264.0
  336 |         114981.69 |          173233.33 |     127188.0 ± 11233.0
  337 |         135301.66 |           189755.0 |     127374.0 ± 11206.0
  338 |         114981.69 |            83374.0 |     127244.0 ± 11175.0
  339 |         135301.66 |            89663.0 |     127133.0 ± 11145.0
  340 |         135301.66 |            39366.0 |     126875.0 ± 11123.0
  341 |         135301.66 |           198745.5 |     127086.0 ± 11098.0
  342 |         135301.66 |           208250.0 |     127323.0 ± 11076.0
  343 |         135301.66 |           198355.0 |     127530.0 ± 11051.0
  344 |         135301.66 |           215849.0 |     127787.0 ± 11030.0
  345 |         135301.66 |           133340.0 |     127803.0 ± 10998.0
  346 |         114981.69 |             4680.0 |     127447.0 ± 10988.0
  347 |         114981.69 |             4650.0 |     127093.0 ± 10979.0
  348 |         135301.66 |           287698.0 |     127555.0 ± 10984.0
  349 |         135301.66 |           185530.0 |     127721.0 ± 10958.0
  350 |         114981.69 |           132860.0 |     127736.0 ± 10926.0
  351 |         114981.69 |            31585.0 |     127462.0 ± 10908.0
  352 |         114981.69 |            33545.5 |     127195.0 ± 10890.0
  353 |         114981.69 |           230949.0 |     127489.0 ± 10874.0
  354 |         114981.69 |            76912.0 |     127346.0 ± 10847.0
  355 |         135301.66 |            99614.0 |     127268.0 ± 10818.0
  356 |         114981.69 |           118694.0 |     127244.0 ± 10787.0
  357 |         114981.69 |          244333.33 |     127572.0 ± 10776.0
  358 |         114981.69 |            71700.0 |     127416.0 ± 10750.0
  359 |         135301.66 |            72180.0 |     127262.0 ± 10725.0
  360 |         135301.66 |           240526.0 |     127576.0 ± 10713.0
  361 |         114981.69 |             4650.0 |     127236.0 ± 10704.0
  362 |         114981.69 |           339585.0 |     127822.0 ± 10736.0
  363 |         114981.69 |            76912.0 |     127682.0 ± 10710.0
  364 |         114981.69 |           211850.0 |     127913.0 ± 10690.0
  365 |         114981.69 |             4650.0 |     127576.0 ± 10681.0
  366 |         135301.66 |            84066.0 |     127457.0 ± 10654.0
  367 |         114981.69 |            96416.0 |     127372.0 ± 10627.0
  368 |         135301.66 |           115075.5 |     127339.0 ± 10598.0
  369 |         135301.66 |           429735.0 |     128158.0 ± 10691.0
  370 |         135301.66 |             1080.0 |     127815.0 ± 10683.0
  371 |         135301.66 |            25631.0 |     127539.0 ± 10668.0
  372 |         135301.66 |           303605.0 |     128013.0 ± 10679.0
  373 |         135301.66 |           185530.0 |     128167.0 ± 10655.0
  374 |         114981.69 |           132860.0 |     128180.0 ± 10626.0
  375 |         135301.66 |           185530.0 |     128332.0 ± 10602.0
  376 |         114981.69 |             5686.0 |     128006.0 ± 10593.0
  377 |         135301.66 |            84066.0 |     127890.0 ± 10568.0
  378 |         135301.66 |            35660.0 |     127646.0 ± 10551.0
  379 |         114981.69 |            71700.0 |     127498.0 ± 10527.0
  380 |         114981.69 |           156519.0 |     127574.0 ± 10500.0
  381 |         114981.69 |           131399.0 |     127585.0 ± 10472.0
  382 |         114981.69 |           156489.0 |     127660.0 ± 10446.0
  383 |         135301.66 |            77315.0 |     127529.0 ± 10422.0
  384 |         135301.66 |           321099.0 |     128033.0 ± 10442.0
  385 |         135301.66 |            59756.0 |     127855.0 ± 10420.0
  386 |         114981.69 |           211820.0 |     128073.0 ± 10402.0
  387 |         114981.69 |            27000.0 |     127812.0 ± 10388.0
  388 |         135301.66 |           215849.0 |     128039.0 ± 10370.0
  389 |         135301.66 |            77315.0 |     127908.0 ± 10347.0
  390 |         114981.69 |            35744.0 |     127672.0 ± 10331.0
  391 |         114981.69 |           265155.0 |     128024.0 ± 10327.0
  392 |         135301.66 |           240526.0 |     128311.0 ± 10316.0
  393 |         135301.66 |           179483.0 |     128441.0 ± 10293.0
  394 |         114981.69 |           145328.0 |     128484.0 ± 10267.0
  395 |         114981.69 |           230949.0 |     128743.0 ± 10254.0
  396 |         135301.66 |           115075.5 |     128709.0 ± 10228.0
  397 |         114981.69 |             4650.0 |     128396.0 ± 10221.0
  398 |         114981.69 |           265125.0 |     128740.0 ± 10217.0
  399 |         135301.66 |           207249.0 |     128936.0 ± 10199.0
  400 |         114981.69 |            22909.0 |     128671.0 ± 10187.0
  401 |         114981.69 |           136940.0 |     128692.0 ± 10161.0
  402 |         114981.69 |            22909.0 |     128429.0 ± 10149.0
  403 |         135301.66 |           152919.0 |     128490.0 ± 10125.0
  404 |         114981.69 |              215.0 |     128172.0 ± 10119.0
  405 |         135301.66 |            61144.0 |     128007.0 ± 10099.0
  406 |         114981.69 |           103184.0 |     127945.0 ± 10075.0
  407 |         114981.69 |           136910.0 |     127967.0 ± 10050.0
  408 |         135301.66 |           188818.0 |     128117.0 ± 10029.0
  409 |         114981.69 |            33545.5 |     127885.0 ± 10015.0
  410 |         135301.66 |           317480.0 |     128348.0 ± 10032.0
  411 |         135301.66 |            80233.0 |     128231.0 ± 10010.0
  412 |         114981.69 |           207385.0 |      128423.0 ± 9993.0
  413 |         114981.69 |           108595.5 |      128375.0 ± 9969.0
  414 |         114981.69 |           131399.0 |      128382.0 ± 9945.0
  415 |         114981.69 |            13068.0 |      128104.0 ± 9936.0
  416 |         135301.66 |           240526.0 |      128375.0 ± 9926.0
  417 |         114981.69 |           156489.0 |      128442.0 ± 9903.0
  418 |         135301.66 |           189755.0 |      128589.0 ± 9884.0
  419 |         135301.66 |           220136.0 |      128807.0 ± 9869.0
  420 |         135301.66 |            64062.0 |      128653.0 ± 9850.0
  421 |         135301.66 |            86650.0 |      128553.0 ± 9829.0
  422 |         114981.69 |            22909.0 |      128303.0 ± 9818.0
  423 |         114981.69 |           227330.0 |      128537.0 ± 9805.0
  424 |         135301.66 |           189755.0 |      128681.0 ± 9786.0
  425 |         135301.66 |            73186.0 |      128551.0 ± 9767.0
  426 |         114981.69 |           201713.0 |      128723.0 ± 9749.0
  427 |         135301.66 |           131890.0 |      128730.0 ± 9727.0
  428 |         135301.66 |            77777.0 |      128611.0 ± 9707.0
  429 |         135301.66 |            59756.0 |      128450.0 ± 9689.0
  430 |         135301.66 |           182401.0 |      128576.0 ± 9670.0
  431 |         135301.66 |            12966.0 |      128308.0 ± 9661.0
  432 |         135301.66 |           110053.0 |      128265.0 ± 9639.0
  433 |         135301.66 |           321099.0 |      128711.0 ± 9657.0
  434 |         135301.66 |            86650.0 |      128614.0 ± 9636.0
  435 |         135301.66 |           152919.0 |      128670.0 ± 9615.0
  436 |         114981.69 |           138995.0 |      128693.0 ± 9593.0
  437 |         135301.66 |            43444.5 |      128498.0 ± 9578.0
  438 |         114981.69 |          173233.33 |      128600.0 ± 9559.0
  439 |         135301.66 |           207249.0 |      128780.0 ± 9543.0
  440 |         114981.69 |           265125.0 |      129089.0 ± 9541.0
  441 |         114981.69 |            13068.0 |      128826.0 ± 9533.0
  442 |         135301.66 |           215849.0 |      129023.0 ± 9519.0
  443 |         114981.69 |           230949.0 |      129253.0 ± 9509.0
  444 |         114981.69 |           139025.0 |      129275.0 ± 9487.0
  445 |         114981.69 |             5656.0 |      128998.0 ± 9482.0
  446 |         114981.69 |           131399.0 |      129003.0 ± 9460.0
  447 |         135301.66 |           261555.0 |      129299.0 ± 9457.0
  448 |         135301.66 |            70624.5 |      129168.0 ± 9439.0
  449 |         135301.66 |           287698.0 |      129522.0 ± 9444.0
  450 |         114981.69 |            81347.0 |      129414.0 ± 9425.0
  451 |         114981.69 |            76756.0 |      129298.0 ± 9407.0
  452 |         114981.69 |           211850.0 |      129480.0 ± 9393.0
  453 |         114981.69 |           136910.0 |      129497.0 ± 9372.0
  454 |         135301.66 |           198745.5 |      129649.0 ± 9356.0
  455 |         135301.66 |            80233.0 |      129541.0 ± 9338.0
  456 |         135301.66 |           188818.0 |      129671.0 ± 9321.0
  457 |         135301.66 |           145226.0 |      129705.0 ± 9301.0
  458 |         114981.69 |           103184.0 |      129647.0 ± 9281.0
  459 |         114981.69 |           131369.0 |      129651.0 ± 9261.0
  460 |         114981.69 |          244333.33 |      129900.0 ± 9254.0
  461 |         114981.69 |            31555.0 |      129687.0 ± 9243.0
  462 |         114981.69 |            27344.0 |      129465.0 ± 9233.0
  463 |         114981.69 |          173233.33 |      129560.0 ± 9215.0
  464 |         114981.69 |            29201.0 |      129343.0 ± 9205.0
  465 |         135301.66 |            99614.0 |      129279.0 ± 9186.0
  466 |         114981.69 |             5656.0 |      129014.0 ± 9181.0
  467 |         114981.69 |           207385.0 |      129182.0 ± 9167.0
  468 |         135301.66 |            61144.0 |      129036.0 ± 9152.0
  469 |         135301.66 |            12966.0 |      128789.0 ± 9146.0
  470 |         114981.69 |           211820.0 |      128966.0 ± 9133.0
  471 |         114981.69 |            31050.0 |      128758.0 ± 9122.0
  472 |         135301.66 |           198355.0 |      128905.0 ± 9108.0
  473 |         114981.69 |              215.0 |      128633.0 ± 9104.0
  474 |         114981.69 |           211820.0 |      128809.0 ± 9091.0
  475 |         135301.66 |           179483.0 |      128915.0 ± 9074.0
  476 |         135301.66 |           315885.0 |      129308.0 ± 9088.0
  477 |         135301.66 |           131890.0 |      129314.0 ± 9069.0
  478 |         114981.69 |            26615.0 |      129099.0 ± 9060.0
  479 |         135301.66 |            89663.0 |      129016.0 ± 9042.0
  480 |         135301.66 |           198355.0 |      129161.0 ± 9028.0
  481 |         114981.69 |           145328.0 |      129194.0 ± 9009.0
  482 |         135301.66 |           135425.0 |      129207.0 ± 8991.0
  483 |         135301.66 |           287698.0 |      129535.0 ± 8995.0
  484 |         135301.66 |            64062.0 |      129400.0 ± 8980.0
  485 |         114981.69 |            99545.0 |      129339.0 ± 8963.0
  486 |         135301.66 |           208250.0 |      129501.0 ± 8950.0
  487 |         114981.69 |           103184.0 |      129447.0 ± 8932.0
  488 |         114981.69 |            81347.0 |      129348.0 ± 8916.0
  489 |         135301.66 |            99614.0 |      129288.0 ± 8898.0
  490 |         135301.66 |            35660.0 |      129097.0 ± 8888.0
  491 |         114981.69 |             4650.0 |      128843.0 ± 8884.0
  492 |         114981.69 |            39468.0 |      128661.0 ± 8873.0
  493 |         135301.66 |           198355.0 |      128803.0 ± 8859.0
  494 |         114981.69 |            71700.0 |      128687.0 ± 8844.0
  495 |         114981.69 |            76786.0 |      128582.0 ± 8829.0
  496 |         114981.69 |            31050.0 |      128386.0 ± 8819.0
  497 |         114981.69 |             5686.0 |      128139.0 ± 8815.0
  498 |         114981.69 |           156489.0 |      128196.0 ± 8798.0
  499 |         135301.66 |           114544.5 |      128168.0 ± 8780.0
  500 |         135301.66 |            27480.0 |      127967.0 ± 8772.0
  501 |         114981.69 |           265155.0 |      128241.0 ± 8771.0
  502 |         114981.69 |            27374.0 |      128040.0 ± 8762.0
  503 |         135301.66 |           169359.0 |      128122.0 ± 8746.0
  504 |         135301.66 |           317480.0 |      128498.0 ± 8760.0
  505 |         114981.69 |          493333.33 |      129220.0 ± 8856.0
  506 |         114981.69 |            84168.0 |      129131.0 ± 8840.0
  507 |         135301.66 |           303605.0 |      129475.0 ± 8849.0
  508 |         135301.66 |           111500.0 |      129440.0 ± 8832.0
  509 |         114981.69 |           213455.0 |      129605.0 ± 8820.0
  510 |         135301.66 |            27283.0 |      129404.0 ± 8812.0
  511 |         114981.69 |           211820.0 |      129566.0 ± 8800.0
  512 |         114981.69 |            99545.0 |      129507.0 ± 8784.0
  513 |         114981.69 |            27344.0 |      129308.0 ± 8775.0
  514 |         135301.66 |           324485.0 |      129688.0 ± 8790.0
  515 |         114981.69 |            33545.5 |      129501.0 ± 8780.0
  516 |         114981.69 |           339585.0 |      129908.0 ± 8799.0
  517 |         114981.69 |            31585.0 |      129718.0 ± 8790.0
  518 |         135301.66 |           287698.0 |      130023.0 ± 8794.0
  519 |         135301.66 |            89663.0 |      129945.0 ± 8778.0
  520 |         114981.69 |           118694.0 |      129923.0 ± 8761.0
  521 |         114981.69 |           103214.0 |      129872.0 ± 8745.0
  522 |         135301.66 |            56050.0 |      129731.0 ± 8733.0
  523 |         135301.66 |           189755.0 |      129846.0 ± 8719.0
  524 |         135301.66 |             1080.0 |      129600.0 ± 8715.0
  525 |         135301.66 |            59756.0 |      129467.0 ± 8703.0
  526 |         114981.69 |            81377.0 |      129375.0 ± 8688.0
  527 |         114981.69 |           131369.0 |      129379.0 ± 8671.0
  528 |         114981.69 |           156489.0 |      129430.0 ± 8656.0
  529 |         114981.69 |           136940.0 |      129445.0 ± 8639.0
  530 |         135301.66 |            84066.0 |      129359.0 ± 8625.0
  531 |         135301.66 |            27985.0 |      129168.0 ± 8616.0
  532 |         135301.66 |            77777.0 |      129072.0 ± 8602.0
  533 |         135301.66 |            84066.0 |      128987.0 ± 8588.0
  534 |         114981.69 |           136940.0 |      129002.0 ± 8572.0
  535 |         135301.66 |            61144.0 |      128875.0 ± 8559.0
  536 |         114981.69 |            31555.0 |      128694.0 ± 8551.0
  537 |         114981.69 |          173233.33 |      128777.0 ± 8536.0
  538 |         135301.66 |           189755.0 |      128890.0 ± 8523.0
  539 |         114981.69 |           230949.0 |      129079.0 ± 8516.0
  540 |         114981.69 |          244333.33 |      129293.0 ± 8510.0
  541 |         114981.69 |             5656.0 |      129064.0 ± 8506.0
  542 |         135301.66 |            73186.0 |      128961.0 ± 8493.0
  543 |         114981.69 |            81347.0 |      128873.0 ± 8479.0
  544 |         114981.69 |           211850.0 |      129026.0 ± 8469.0
  545 |         135301.66 |           321099.0 |      129378.0 ± 8481.0
  546 |         135301.66 |           152919.0 |      129421.0 ± 8466.0
  547 |         135301.66 |           145226.0 |      129450.0 ± 8451.0
  548 |         114981.69 |           145328.0 |      129479.0 ± 8436.0
  549 |         114981.69 |             4650.0 |      129252.0 ± 8432.0
  550 |         135301.66 |           191350.0 |      129365.0 ± 8420.0
  551 |         135301.66 |            80233.0 |      129276.0 ± 8406.0
  552 |         114981.69 |           213455.0 |      129428.0 ± 8396.0
  553 |         135301.66 |           321099.0 |      129775.0 ± 8408.0
  554 |         114981.69 |            96416.0 |      129715.0 ± 8394.0
  555 |         114981.69 |           132860.0 |      129720.0 ± 8379.0
  556 |         114981.69 |              215.0 |      129487.0 ± 8376.0
  557 |         114981.69 |          173233.33 |      129566.0 ± 8363.0
  558 |         135301.66 |           114544.5 |      129539.0 ± 8348.0
  559 |         135301.66 |           131890.0 |      129543.0 ± 8333.0
  560 |         114981.69 |           103184.0 |      129496.0 ± 8319.0
  561 |         114981.69 |          173233.33 |      129574.0 ± 8305.0
  562 |         114981.69 |           136940.0 |      129587.0 ± 8290.0
  563 |         135301.66 |           165616.0 |      129651.0 ± 8277.0
  564 |         135301.66 |            35660.0 |      129484.0 ± 8268.0
  565 |         135301.66 |            98383.0 |      129429.0 ± 8254.0
  566 |         114981.69 |            26615.0 |      129248.0 ± 8247.0
  567 |         114981.69 |            71315.0 |      129146.0 ± 8235.0
  568 |         114981.69 |            84168.0 |      129066.0 ± 8222.0
  569 |         114981.69 |            98749.0 |      129013.0 ± 8208.0
  570 |         135301.66 |            72180.0 |      128913.0 ± 8196.0
  571 |         135301.66 |           179483.0 |      129002.0 ± 8184.0
  572 |         135301.66 |            35660.0 |      128839.0 ± 8176.0
  573 |         135301.66 |            56050.0 |      128712.0 ± 8165.0
  574 |         114981.69 |            81347.0 |      128629.0 ± 8153.0
  575 |         135301.66 |           315885.0 |      128955.0 ± 8164.0
  576 |         135301.66 |           303605.0 |      129258.0 ± 8171.0
  577 |         135301.66 |            73186.0 |      129161.0 ± 8159.0
  578 |         114981.69 |            22909.0 |      128977.0 ± 8153.0
  579 |         114981.69 |           227330.0 |      129147.0 ± 8146.0
  580 |         114981.69 |           211850.0 |      129290.0 ± 8136.0
  581 |         114981.69 |             4650.0 |      129075.0 ± 8133.0
  582 |         135301.66 |           208250.0 |      129211.0 ± 8124.0
  583 |         135301.66 |            73186.0 |      129115.0 ± 8112.0
  584 |         114981.69 |             4680.0 |      128902.0 ± 8109.0
  585 |         114981.69 |           156489.0 |      128949.0 ± 8095.0
  586 |         135301.66 |           131890.0 |      128954.0 ± 8081.0
  587 |         114981.69 |            81377.0 |      128873.0 ± 8069.0
  588 |         114981.69 |           227330.0 |      129040.0 ± 8062.0
  589 |         135301.66 |           127799.0 |      129038.0 ± 8049.0
  590 |         114981.69 |            76912.0 |      128950.0 ± 8037.0
  591 |         135301.66 |            98383.0 |      128898.0 ± 8024.0
  592 |         135301.66 |            27985.0 |      128728.0 ± 8017.0
  593 |         114981.69 |           211850.0 |      128868.0 ± 8008.0
  594 |         135301.66 |             1080.0 |      128653.0 ± 8006.0
  595 |         135301.66 |             2086.0 |      128440.0 ± 8003.0
  596 |         135301.66 |           131890.0 |      128446.0 ± 7990.0
  597 |         135301.66 |           145226.0 |      128474.0 ± 7977.0
  598 |         114981.69 |             5686.0 |      128269.0 ± 7974.0
  599 |         114981.69 |           136910.0 |      128283.0 ± 7960.0
  600 |         135301.66 |           182401.0 |      128373.0 ± 7949.0
  601 |         114981.69 |           108595.5 |      128340.0 ± 7936.0
  602 |         135301.66 |            43444.5 |      128199.0 ± 7928.0
  603 |         114981.69 |            81347.0 |      128122.0 ± 7916.0
  604 |         135301.66 |           198745.5 |      128239.0 ± 7906.0
  605 |         114981.69 |            76912.0 |      128154.0 ± 7895.0
  606 |         135301.66 |            77777.0 |      128071.0 ± 7883.0
  607 |         135301.66 |            84066.0 |      127998.0 ± 7872.0
  608 |         114981.69 |            99545.0 |      127951.0 ± 7859.0
  609 |         135301.66 |           152919.0 |      127992.0 ± 7847.0
  610 |         135301.66 |           104456.0 |      127954.0 ± 7834.0
  611 |         114981.69 |           132475.0 |      127961.0 ± 7821.0
  612 |         135301.66 |           208844.0 |      128093.0 ± 7813.0
  613 |         135301.66 |            80233.0 |      128015.0 ± 7802.0
  614 |         114981.69 |           131369.0 |      128021.0 ± 7789.0
  615 |         114981.69 |            76786.0 |      127937.0 ± 7778.0
  616 |         114981.69 |           265125.0 |      128160.0 ± 7778.0
  617 |         135301.66 |           185530.0 |      128253.0 ± 7767.0
  618 |         135301.66 |           188818.0 |      128351.0 ± 7757.0
  619 |         114981.69 |            31585.0 |      128195.0 ± 7751.0
  620 |         135301.66 |           198355.0 |      128308.0 ± 7741.0
  621 |         114981.69 |           265125.0 |      128528.0 ± 7741.0
  622 |         135301.66 |            35660.0 |      128379.0 ± 7734.0
  623 |         135301.66 |           185530.0 |      128471.0 ± 7724.0
  624 |         135301.66 |            61144.0 |      128363.0 ± 7714.0
  625 |         135301.66 |            61144.0 |      128255.0 ± 7705.0
  626 |         114981.69 |            76912.0 |      128173.0 ± 7694.0
  627 |         114981.69 |            35744.0 |      128026.0 ± 7687.0
  628 |         114981.69 |            98749.0 |      127979.0 ± 7675.0
  629 |         114981.69 |            75780.0 |      127896.0 ± 7665.0
  630 |         135301.66 |           188818.0 |      127993.0 ± 7655.0
  631 |         135301.66 |           215849.0 |      128132.0 ± 7648.0
  632 |         135301.66 |            73186.0 |      128045.0 ± 7638.0
  633 |         135301.66 |           191350.0 |      128145.0 ± 7628.0
  634 |         114981.69 |           207385.0 |      128270.0 ± 7620.0
  635 |         135301.66 |            43975.5 |      128137.0 ± 7612.0
  636 |         114981.69 |            76912.0 |      128057.0 ± 7602.0
  637 |         135301.66 |            27283.0 |      127899.0 ± 7596.0
  638 |         135301.66 |           169359.0 |      127964.0 ± 7586.0
  639 |         114981.69 |            76756.0 |      127884.0 ± 7575.0
  640 |         135301.66 |            86650.0 |      127819.0 ± 7565.0
  641 |         114981.69 |           136910.0 |      127833.0 ± 7553.0
  642 |         135301.66 |           145226.0 |      127860.0 ± 7541.0
  643 |         135301.66 |           115075.5 |      127840.0 ± 7530.0
  644 |         114981.69 |          244333.33 |      128021.0 ± 7526.0
  645 |         135301.66 |           261555.0 |      128228.0 ± 7525.0
  646 |         114981.69 |          173233.33 |      128298.0 ± 7515.0
  647 |         135301.66 |           198355.0 |      128406.0 ± 7506.0
  648 |         114981.69 |            76912.0 |      128327.0 ± 7496.0
  649 |         114981.69 |              600.0 |      128130.0 ± 7495.0
  650 |         114981.69 |            29201.0 |      127978.0 ± 7489.0
  651 |         135301.66 |            27480.0 |      127824.0 ± 7484.0
  652 |         114981.69 |           227330.0 |      127976.0 ± 7478.0
  653 |         135301.66 |           104456.0 |      127940.0 ± 7467.0
  654 |         114981.69 |           339585.0 |      128264.0 ± 7483.0
  655 |         114981.69 |            31555.0 |      128116.0 ± 7477.0
  656 |         135301.66 |            99614.0 |      128073.0 ± 7466.0
  657 |         114981.69 |            33545.5 |      127929.0 ± 7460.0
  658 |         135301.66 |            86650.0 |      127866.0 ± 7450.0
  659 |         135301.66 |           287698.0 |      128109.0 ± 7453.0
  660 |         135301.66 |            12966.0 |      127934.0 ± 7450.0
  661 |         135301.66 |           315885.0 |      128218.0 ± 7460.0
  662 |         135301.66 |            43444.5 |      128090.0 ± 7452.0
  663 |         114981.69 |            27000.0 |      127938.0 ± 7447.0
  664 |         114981.69 |          493333.33 |      128488.0 ± 7514.0
  665 |         114981.69 |            29201.0 |      128339.0 ± 7508.0
  666 |         135301.66 |           220136.0 |      128477.0 ± 7502.0
  667 |         135301.66 |           145226.0 |      128502.0 ± 7491.0
  668 |         135301.66 |            77315.0 |      128425.0 ± 7481.0
  669 |         114981.69 |            29231.0 |      128277.0 ± 7475.0
  670 |         114981.69 |            76912.0 |      128200.0 ± 7466.0
  671 |         114981.69 |           201713.0 |      128310.0 ± 7458.0
  672 |         135301.66 |             1080.0 |      128121.0 ± 7456.0
  673 |         114981.69 |            96416.0 |      128073.0 ± 7445.0
  674 |         114981.69 |            76786.0 |      127997.0 ± 7436.0
  675 |         135301.66 |            43444.5 |      127872.0 ± 7429.0
  676 |         114981.69 |           103184.0 |      127836.0 ± 7418.0
  677 |         114981.69 |             4680.0 |      127654.0 ± 7416.0
  678 |         114981.69 |            31585.0 |      127512.0 ± 7410.0
  679 |         114981.69 |           227330.0 |      127659.0 ± 7405.0
  680 |         135301.66 |            61144.0 |      127561.0 ± 7396.0
  681 |         114981.69 |            26615.0 |      127413.0 ± 7391.0
  682 |         114981.69 |            27374.0 |      127266.0 ± 7386.0
  683 |         135301.66 |            23774.0 |      127115.0 ± 7381.0
  684 |         135301.66 |            99614.0 |      127074.0 ± 7371.0
  685 |         135301.66 |            27283.0 |      126929.0 ± 7366.0
  686 |         114981.69 |            27000.0 |      126783.0 ± 7360.0
  687 |         114981.69 |           131369.0 |      126790.0 ± 7350.0
  688 |         135301.66 |           133340.0 |      126799.0 ± 7339.0
  689 |         135301.66 |           240526.0 |      126964.0 ± 7335.0
  690 |         135301.66 |           198745.5 |      127068.0 ± 7328.0
  691 |         135301.66 |            86650.0 |      127010.0 ± 7318.0
  692 |         135301.66 |             2086.0 |      126829.0 ± 7316.0
  693 |         135301.66 |           165616.0 |      126885.0 ± 7306.0
  694 |         114981.69 |            75750.0 |      126812.0 ± 7297.0
  695 |         114981.69 |           201713.0 |      126919.0 ± 7290.0
  696 |         114981.69 |           145328.0 |      126946.0 ± 7279.0
  697 |         114981.69 |           213455.0 |      127070.0 ± 7273.0
  698 |         135301.66 |             1080.0 |      126890.0 ± 7271.0
  699 |         114981.69 |            31050.0 |      126752.0 ± 7266.0
  700 |         114981.69 |           156489.0 |      126795.0 ± 7256.0
  701 |         114981.69 |            31050.0 |      126658.0 ± 7250.0
  702 |         114981.69 |            81347.0 |      126594.0 ± 7241.0
  703 |         135301.66 |             1080.0 |      126415.0 ± 7239.0
  704 |         135301.66 |           111500.0 |      126394.0 ± 7229.0
  705 |         114981.69 |             4650.0 |      126221.0 ± 7227.0
  706 |         114981.69 |            71315.0 |      126144.0 ± 7218.0
  707 |         135301.66 |            39366.0 |      126021.0 ± 7212.0
  708 |         135301.66 |           115075.5 |      126005.0 ± 7202.0
  709 |         114981.69 |            29231.0 |      125869.0 ± 7197.0
  710 |         114981.69 |          493333.33 |      126386.0 ± 7258.0
  711 |         114981.69 |            27000.0 |      126247.0 ± 7253.0
  712 |         135301.66 |           185530.0 |      126330.0 ± 7244.0
  713 |         114981.69 |            13068.0 |      126171.0 ± 7241.0
  714 |         135301.66 |            86650.0 |      126116.0 ± 7231.0
  715 |         135301.66 |           131890.0 |      126124.0 ± 7221.0
  716 |         114981.69 |           265155.0 |      126318.0 ± 7221.0
  717 |         114981.69 |           213455.0 |      126439.0 ± 7215.0
  718 |         135301.66 |           208250.0 |      126553.0 ± 7209.0
  719 |         114981.69 |            81347.0 |      126491.0 ± 7200.0
  720 |         114981.69 |            99545.0 |      126453.0 ± 7190.0
  721 |         114981.69 |            76786.0 |      126384.0 ± 7181.0
  722 |         135301.66 |           317480.0 |      126649.0 ± 7190.0
  723 |         114981.69 |           265155.0 |      126840.0 ± 7190.0
  724 |         114981.69 |           103214.0 |      126808.0 ± 7180.0
  725 |         135301.66 |           198355.0 |      126907.0 ± 7173.0
  726 |         135301.66 |            39366.0 |      126786.0 ± 7167.0
  727 |         114981.69 |          493333.33 |      127290.0 ± 7225.0
  728 |         135301.66 |           198745.5 |      127388.0 ± 7218.0
  729 |         135301.66 |           188818.0 |      127473.0 ± 7210.0
  730 |         114981.69 |              215.0 |      127298.0 ± 7208.0
  731 |         114981.69 |           339585.0 |      127589.0 ± 7220.0
  732 |         135301.66 |            70479.0 |      127511.0 ± 7212.0
  733 |         114981.69 |          493333.33 |      128010.0 ± 7268.0
  734 |         114981.69 |            31080.0 |      127878.0 ± 7263.0
  735 |         135301.66 |            23774.0 |      127736.0 ± 7259.0
  736 |         135301.66 |            89663.0 |      127684.0 ± 7249.0
  737 |         114981.69 |            22909.0 |      127542.0 ± 7245.0
  738 |         135301.66 |            12966.0 |      127387.0 ± 7242.0
  739 |         135301.66 |           220136.0 |      127512.0 ± 7236.0
  740 |         135301.66 |            33356.0 |      127385.0 ± 7230.0
  741 |         135301.66 |           165616.0 |      127437.0 ± 7221.0
  742 |         135301.66 |           110053.0 |      127413.0 ± 7212.0
  743 |         114981.69 |           118694.0 |      127402.0 ± 7202.0
  744 |         114981.69 |           103214.0 |      127369.0 ± 7193.0
  745 |         135301.66 |           208250.0 |      127478.0 ± 7186.0
  746 |         135301.66 |           145226.0 |      127501.0 ± 7177.0
  747 |         114981.69 |           227330.0 |      127635.0 ± 7172.0
  748 |         114981.69 |            27374.0 |      127501.0 ± 7167.0
  749 |         114981.69 |            33545.5 |      127376.0 ± 7162.0
  750 |         135301.66 |           315885.0 |      127627.0 ± 7169.0
  751 |         114981.69 |           265155.0 |      127810.0 ± 7169.0
  752 |         114981.69 |            84168.0 |      127752.0 ± 7160.0
  753 |         135301.66 |           303605.0 |      127986.0 ± 7165.0
  754 |         135301.66 |            56050.0 |      127890.0 ± 7158.0
  755 |         114981.69 |             5686.0 |      127728.0 ± 7156.0
  756 |         135301.66 |            70479.0 |      127653.0 ± 7148.0
  757 |         114981.69 |            31555.0 |      127526.0 ± 7142.0
  758 |         114981.69 |           265155.0 |      127707.0 ± 7142.0
  759 |         135301.66 |           208844.0 |      127814.0 ± 7136.0
  760 |         135301.66 |           315885.0 |      128062.0 ± 7143.0
  761 |         135301.66 |            12966.0 |      127910.0 ± 7139.0
  762 |         114981.69 |            31555.0 |      127784.0 ± 7134.0
  763 |         135301.66 |            27283.0 |      127652.0 ± 7130.0
  764 |         114981.69 |            31080.0 |      127526.0 ± 7125.0
  765 |         135301.66 |           114544.5 |      127509.0 ± 7115.0
  766 |         114981.69 |            27344.0 |      127378.0 ± 7111.0
  767 |         114981.69 |           201713.0 |      127475.0 ± 7104.0
  768 |         135301.66 |            73186.0 |      127404.0 ± 7096.0
  769 |         114981.69 |            29231.0 |      127277.0 ± 7091.0
  770 |         135301.66 |           145226.0 |      127300.0 ± 7082.0
  771 |         114981.69 |           103184.0 |      127269.0 ± 7073.0
  772 |         114981.69 |           132475.0 |      127275.0 ± 7064.0
  773 |         114981.69 |             5686.0 |      127118.0 ± 7062.0
  774 |         135301.66 |            70479.0 |      127045.0 ± 7054.0
  775 |         114981.69 |             5656.0 |      126888.0 ± 7052.0
  776 |         114981.69 |           207385.0 |      126992.0 ± 7045.0
  777 |         135301.66 |           317480.0 |      127237.0 ± 7053.0
  778 |         114981.69 |             4650.0 |      127080.0 ± 7050.0
  779 |         135301.66 |            35660.0 |      126962.0 ± 7045.0
  780 |         135301.66 |           220136.0 |      127082.0 ± 7040.0
  781 |         114981.69 |           207385.0 |      127184.0 ± 7034.0
  782 |         135301.66 |           317480.0 |      127428.0 ± 7041.0
  783 |         114981.69 |            76756.0 |      127363.0 ± 7033.0
  784 |         135301.66 |           179483.0 |      127430.0 ± 7025.0
  785 |         135301.66 |           261555.0 |      127600.0 ± 7024.0
  786 |         114981.69 |             4650.0 |      127444.0 ± 7022.0
  787 |         135301.66 |           152919.0 |      127476.0 ± 7014.0
  788 |         135301.66 |            27985.0 |      127350.0 ± 7009.0
  789 |         114981.69 |           211820.0 |      127457.0 ± 7003.0
  790 |         135301.66 |           104456.0 |      127428.0 ± 6995.0
  791 |         135301.66 |           131890.0 |      127434.0 ± 6986.0
  792 |         135301.66 |            43975.5 |      127328.0 ± 6980.0
  793 |         114981.69 |           139025.0 |      127343.0 ± 6971.0
  794 |         114981.69 |            22909.0 |      127212.0 ± 6967.0
  795 |         114981.69 |          244333.33 |      127359.0 ± 6965.0
  796 |         135301.66 |            64062.0 |      127279.0 ± 6958.0
  797 |         135301.66 |            33356.0 |      127162.0 ± 6953.0
  798 |         114981.69 |            27374.0 |      127036.0 ± 6948.0
  799 |         135301.66 |           189755.0 |      127115.0 ± 6941.0
  800 |         135301.66 |           208844.0 |      127217.0 ± 6935.0
  801 |         135301.66 |            99614.0 |      127183.0 ± 6927.0
  802 |         135301.66 |            99614.0 |      127148.0 ± 6919.0
  803 |         114981.69 |             5686.0 |      126997.0 ± 6917.0
  804 |         135301.66 |            59756.0 |      126913.0 ± 6910.0
  805 |         114981.69 |            71315.0 |      126844.0 ± 6903.0
  806 |         135301.66 |            72180.0 |      126777.0 ± 6895.0
  807 |         114981.69 |          493333.33 |      127231.0 ± 6944.0
  808 |         135301.66 |           135425.0 |      127241.0 ± 6936.0
  809 |         135301.66 |            84066.0 |      127188.0 ± 6928.0
  810 |         114981.69 |            35744.0 |      127075.0 ± 6923.0
  811 |         114981.69 |           103184.0 |      127045.0 ± 6914.0
  812 |         114981.69 |           227330.0 |      127169.0 ± 6910.0
  813 |         114981.69 |            76756.0 |      127107.0 ± 6903.0
  814 |         114981.69 |          173233.33 |      127163.0 ± 6895.0
  815 |         114981.69 |           145328.0 |      127186.0 ± 6887.0
  816 |         135301.66 |            64062.0 |      127108.0 ± 6880.0
  817 |         135301.66 |           261555.0 |      127273.0 ± 6879.0
  818 |         114981.69 |            27000.0 |      127150.0 ± 6875.0
  819 |         114981.69 |           139025.0 |      127165.0 ± 6867.0
  820 |         135301.66 |           261555.0 |      127329.0 ± 6866.0
  821 |         114981.69 |           230949.0 |      127455.0 ± 6862.0
  822 |         114981.69 |            98749.0 |      127420.0 ± 6854.0
  823 |         135301.66 |           115075.5 |      127405.0 ± 6846.0
  824 |         135301.66 |            23774.0 |      127279.0 ± 6842.0
  825 |         114981.69 |           213455.0 |      127384.0 ± 6836.0
  826 |         114981.69 |            96416.0 |      127346.0 ± 6829.0
  827 |         135301.66 |           198355.0 |      127432.0 ± 6822.0
  828 |         114981.69 |           339585.0 |      127688.0 ± 6833.0
  829 |         135301.66 |           208250.0 |      127785.0 ± 6827.0
  830 |         114981.69 |            27000.0 |      127664.0 ± 6823.0
  831 |         135301.66 |            89663.0 |      127618.0 ± 6815.0
  832 |         135301.66 |           188818.0 |      127692.0 ± 6809.0
  833 |         135301.66 |           104456.0 |      127664.0 ± 6801.0
  834 |         135301.66 |            35660.0 |      127554.0 ± 6796.0
  835 |         114981.69 |           265125.0 |      127718.0 ± 6795.0
  836 |         114981.69 |            13068.0 |      127581.0 ± 6793.0
  837 |         135301.66 |           208844.0 |      127678.0 ± 6787.0
  838 |         135301.66 |           240526.0 |      127813.0 ± 6784.0
  839 |         135301.66 |             1080.0 |      127662.0 ± 6783.0
  840 |         135301.66 |           135425.0 |      127671.0 ± 6775.0
  841 |         135301.66 |           152919.0 |      127701.0 ± 6767.0
  842 |         114981.69 |            33545.5 |      127589.0 ± 6762.0
  843 |         114981.69 |            29231.0 |      127473.0 ± 6758.0
  844 |         135301.66 |           111500.0 |      127454.0 ± 6750.0
  845 |         114981.69 |            35744.0 |      127345.0 ± 6746.0
  846 |         114981.69 |           230949.0 |      127468.0 ± 6742.0
  847 |         135301.66 |           198745.5 |      127552.0 ± 6736.0
  848 |         114981.69 |            71700.0 |      127486.0 ± 6729.0
  849 |         135301.66 |            80233.0 |      127430.0 ± 6722.0
  850 |         114981.69 |           207385.0 |      127524.0 ± 6717.0
  851 |         135301.66 |            35660.0 |      127416.0 ± 6712.0
  852 |         135301.66 |            70624.5 |      127350.0 ± 6706.0
  853 |         135301.66 |            43975.5 |      127252.0 ± 6700.0
  854 |         114981.69 |           145328.0 |      127273.0 ± 6693.0
  855 |         114981.69 |            81347.0 |      127219.0 ± 6686.0
  856 |         114981.69 |            96416.0 |      127183.0 ± 6678.0
  857 |         135301.66 |           191350.0 |      127258.0 ± 6672.0
  858 |         135301.66 |           145226.0 |      127279.0 ± 6664.0
  859 |         114981.69 |           132860.0 |      127286.0 ± 6657.0
  860 |         135301.66 |           114544.5 |      127271.0 ± 6649.0
  861 |         114981.69 |            98749.0 |      127238.0 ± 6642.0
  862 |         135301.66 |           110053.0 |      127218.0 ± 6634.0
  863 |         114981.69 |              600.0 |      127071.0 ± 6633.0
  864 |         135301.66 |           185530.0 |      127139.0 ± 6626.0
  865 |         135301.66 |            27480.0 |      127024.0 ± 6622.0
  866 |         135301.66 |           287698.0 |      127209.0 ± 6625.0
  867 |         135301.66 |           152919.0 |      127239.0 ± 6617.0
  868 |         114981.69 |           131399.0 |      127244.0 ± 6610.0
  869 |         135301.66 |           127799.0 |      127244.0 ± 6602.0
  870 |         114981.69 |            75750.0 |      127185.0 ± 6596.0
  871 |         114981.69 |            71315.0 |      127121.0 ± 6589.0
  872 |         114981.69 |            81347.0 |      127068.0 ± 6582.0
  873 |         135301.66 |           198745.5 |      127151.0 ± 6577.0
  874 |         135301.66 |           135425.0 |      127160.0 ± 6569.0
  875 |         135301.66 |           188818.0 |      127230.0 ± 6563.0
  876 |         135301.66 |             2086.0 |      127088.0 ± 6562.0
  877 |         135301.66 |            43444.5 |      126992.0 ± 6557.0
  878 |         135301.66 |            72180.0 |      126930.0 ± 6551.0
  879 |         114981.69 |             5686.0 |      126792.0 ± 6549.0
  880 |         114981.69 |           156489.0 |      126826.0 ± 6542.0
  881 |         135301.66 |           208844.0 |      126919.0 ± 6537.0
  882 |         114981.69 |          244333.33 |      127052.0 ± 6535.0
  883 |         114981.69 |           156519.0 |      127085.0 ± 6527.0
  884 |         135301.66 |           315885.0 |      127299.0 ± 6534.0
  885 |         135301.66 |            27283.0 |      127186.0 ± 6530.0
  886 |         114981.69 |              600.0 |      127043.0 ± 6529.0
  887 |         114981.69 |           138995.0 |      127056.0 ± 6521.0
  888 |         114981.69 |            76786.0 |      127000.0 ± 6515.0
  889 |         114981.69 |           201713.0 |      127084.0 ± 6510.0
  890 |         135301.66 |             2086.0 |      126943.0 ± 6508.0
  891 |         135301.66 |           317480.0 |      127157.0 ± 6514.0
  892 |         114981.69 |           131369.0 |      127162.0 ± 6507.0
  893 |         135301.66 |           127799.0 |      127163.0 ± 6500.0
  894 |         114981.69 |            81347.0 |      127111.0 ± 6493.0
  895 |         114981.69 |            31050.0 |      127004.0 ± 6489.0
  896 |         135301.66 |            27480.0 |      126893.0 ± 6486.0
  897 |         135301.66 |           303605.0 |      127090.0 ± 6490.0
  898 |         135301.66 |           104456.0 |      127065.0 ± 6483.0
  899 |         135301.66 |            56050.0 |      126986.0 ± 6478.0
  900 |         135301.66 |            73186.0 |      126926.0 ± 6471.0
  901 |         135301.66 |            64062.0 |      126856.0 ± 6466.0
  902 |         135301.66 |           145226.0 |      126877.0 ± 6459.0
  903 |         135301.66 |           240526.0 |      127002.0 ± 6456.0
  904 |         135301.66 |           111500.0 |      126985.0 ± 6449.0
  905 |         114981.69 |           103184.0 |      126959.0 ± 6442.0
  906 |         114981.69 |          244333.33 |      127089.0 ± 6440.0
  907 |         135301.66 |            86650.0 |      127044.0 ± 6434.0
  908 |         135301.66 |            70479.0 |      126982.0 ± 6428.0
  909 |         114981.69 |           265155.0 |      127134.0 ± 6428.0
  910 |         135301.66 |            80233.0 |      127082.0 ± 6421.0
  911 |         135301.66 |           115075.5 |      127069.0 ± 6414.0
  912 |         135301.66 |            77315.0 |      127014.0 ± 6408.0
  913 |         135301.66 |           189755.0 |      127083.0 ± 6402.0
  914 |         135301.66 |           191350.0 |      127153.0 ± 6397.0
  915 |         114981.69 |             5686.0 |      127021.0 ± 6395.0
  916 |         135301.66 |           317480.0 |      127229.0 ± 6401.0
  917 |         135301.66 |            77315.0 |      127174.0 ± 6395.0
  918 |         114981.69 |            22909.0 |      127061.0 ± 6392.0
  919 |         135301.66 |            77315.0 |      127006.0 ± 6386.0
  920 |         114981.69 |             4680.0 |      126874.0 ± 6384.0
  921 |         135301.66 |            33356.0 |      126772.0 ± 6381.0
  922 |         135301.66 |           315885.0 |      126977.0 ± 6386.0
  923 |         135301.66 |           145226.0 |      126997.0 ± 6379.0
  924 |         114981.69 |            76756.0 |      126942.0 ± 6373.0
  925 |         135301.66 |           287698.0 |      127116.0 ± 6376.0
  926 |         114981.69 |          173233.33 |      127166.0 ± 6370.0
  927 |         135301.66 |           317480.0 |      127371.0 ± 6375.0
  928 |         135301.66 |           145226.0 |      127391.0 ± 6369.0
  929 |         135301.66 |            56050.0 |      127314.0 ± 6364.0
  930 |         135301.66 |           208250.0 |      127401.0 ± 6359.0
  931 |         114981.69 |            27000.0 |      127293.0 ± 6356.0
  932 |         114981.69 |              215.0 |      127157.0 ± 6354.0
  933 |         114981.69 |              600.0 |      127021.0 ± 6353.0
  934 |         114981.69 |           156519.0 |      127053.0 ± 6347.0
  935 |         114981.69 |              215.0 |      126917.0 ± 6345.0
  936 |         135301.66 |             1080.0 |      126782.0 ± 6344.0
  937 |         135301.66 |           185530.0 |      126845.0 ± 6339.0
  938 |         135301.66 |           198355.0 |      126921.0 ± 6334.0
  939 |         114981.69 |           207385.0 |      127007.0 ± 6329.0
  940 |         114981.69 |           265155.0 |      127154.0 ± 6329.0
  941 |         114981.69 |            13068.0 |      127033.0 ± 6327.0
  942 |         114981.69 |           211820.0 |      127123.0 ± 6322.0
  943 |         114981.69 |           156519.0 |      127154.0 ± 6316.0
  944 |         114981.69 |          173233.33 |      127203.0 ± 6310.0
  945 |         114981.69 |            31555.0 |      127102.0 ± 6306.0
  946 |         135301.66 |            84066.0 |      127056.0 ± 6300.0
  947 |         114981.69 |            99545.0 |      127027.0 ± 6294.0
  948 |         135301.66 |            64062.0 |      126961.0 ± 6289.0
  949 |         135301.66 |            70479.0 |      126901.0 ± 6283.0
  950 |         135301.66 |            84066.0 |      126856.0 ± 6277.0
  951 |         135301.66 |            27283.0 |      126751.0 ± 6274.0
  952 |         135301.66 |           207249.0 |      126836.0 ± 6270.0
  953 |         114981.69 |            29201.0 |      126733.0 ± 6266.0
  954 |         135301.66 |             2086.0 |      126603.0 ± 6265.0
  955 |         114981.69 |            76786.0 |      126551.0 ± 6259.0
  956 |         114981.69 |           211820.0 |      126640.0 ± 6255.0
  957 |         114981.69 |           131369.0 |      126645.0 ± 6248.0
  958 |         135301.66 |           240526.0 |      126764.0 ± 6246.0
  959 |         114981.69 |            22909.0 |      126655.0 ± 6243.0
  960 |         135301.66 |           179483.0 |      126710.0 ± 6238.0
  961 |         114981.69 |             4650.0 |      126583.0 ± 6236.0
  962 |         135301.66 |           152919.0 |      126611.0 ± 6230.0
  963 |         135301.66 |           189755.0 |      126676.0 ± 6225.0
  964 |         135301.66 |            80233.0 |      126628.0 ± 6219.0
  965 |         114981.69 |           103214.0 |      126604.0 ± 6213.0
  966 |         135301.66 |           127799.0 |      126605.0 ± 6206.0
  967 |         114981.69 |            13068.0 |      126488.0 ± 6204.0
  968 |         135301.66 |           324485.0 |      126692.0 ± 6211.0
  969 |         114981.69 |            27374.0 |      126590.0 ± 6208.0
  970 |         135301.66 |           324485.0 |      126794.0 ± 6214.0
  971 |         114981.69 |            84168.0 |      126750.0 ± 6208.0
  972 |         114981.69 |            29231.0 |      126650.0 ± 6205.0
  973 |         135301.66 |           198355.0 |      126723.0 ± 6200.0
  974 |         135301.66 |            86650.0 |      126682.0 ± 6194.0
  975 |         114981.69 |           156519.0 |      126713.0 ± 6188.0
  976 |         135301.66 |           179483.0 |      126767.0 ± 6183.0
  977 |         135301.66 |           261555.0 |      126905.0 ± 6183.0
  978 |         114981.69 |           108595.5 |      126886.0 ± 6176.0
  979 |         114981.69 |           265125.0 |      127027.0 ± 6176.0
  980 |         135301.66 |            43444.5 |      126942.0 ± 6172.0
  981 |         135301.66 |           189755.0 |      127006.0 ± 6167.0
  982 |         114981.69 |            39468.0 |      126917.0 ± 6163.0
  983 |         114981.69 |             5656.0 |      126793.0 ± 6162.0
  984 |         114981.69 |            26615.0 |      126692.0 ± 6159.0
  985 |         114981.69 |           265125.0 |      126832.0 ± 6159.0
  986 |         114981.69 |            22909.0 |      126727.0 ± 6156.0
  987 |         135301.66 |           207249.0 |      126808.0 ± 6152.0
  988 |         135301.66 |           182401.0 |      126865.0 ± 6147.0
  989 |         135301.66 |           135425.0 |      126873.0 ± 6140.0
  990 |         135301.66 |            27480.0 |      126773.0 ± 6137.0
  991 |         114981.69 |           136940.0 |      126783.0 ± 6131.0
  992 |         135301.66 |           127799.0 |      126784.0 ± 6125.0
  993 |         135301.66 |            70624.5 |      126728.0 ± 6120.0
  994 |         135301.66 |           207249.0 |      126809.0 ± 6116.0
  995 |         135301.66 |           104456.0 |      126786.0 ± 6110.0
  996 |         114981.69 |            39468.0 |      126698.0 ± 6106.0
  997 |         114981.69 |            27344.0 |      126599.0 ± 6103.0
  998 |         114981.69 |           156519.0 |      126629.0 ± 6097.0
  999 |         135301.66 |           261555.0 |      126764.0 ± 6097.0
 1000 |         114981.69 |              215.0 |      126637.0 ± 6096.0